1.9958398835348525;
2.1613835750174775;
2.139168667717685;
2.326582900795608;
2.3548819622825374;
2.423055063140633;
2.508982122087501;
2.5883649396867834;
2.629044511363446;
2.571490104750134;
2.5698747065767793;
2.4940720916948753;
2.6267802332906918;
2.609165595151952;
2.5949988567674893;
2.58868415360623;
2.5331127379193465;
2.574001429383273;
2.4573841057020154;
2.502241178018508;
2.457801797959217;
2.438513856278561;
2.4813977052240275;
2.518925500695619;
2.5560788373034415;
2.5883808060400337;
2.5958200227768917;
2.5110537320891844;
2.492298315705398;
2.6442278012041096;
2.662360411485118;
2.6016632539384483;
2.564234638404761;
2.5529843345913172;
2.5693771498378943;
2.5666270579545483;
2.6201340959291617;
2.6471226756928283;
2.5609025919195694;
2.505073741302968;
2.542085528223493;
2.4998506620108434;
2.4987033685717486;
2.531690500780631;
2.597991690820401;
2.568146005721631;
2.5805163155571287;
2.5668403639314543;
2.5933180295436173;
2.5914239562943506;
2.6273616277646252;
2.6339622099621924;
2.7100657354497475;
2.697948559898358;
2.6183170240500133;
2.6170731719943054;
2.6551674469516233;
2.7423798004266717;
2.6358223109003474;
2.603880465943829;
2.5838028526114;
2.597226218896279;
2.636097366131934;
2.672298135182171;
2.5197162072802355;
2.592264883827191;
2.6039831573356063;
2.6641523985620426;
2.6442584005513616;
2.57968819867311;
2.5511399283507687;
2.5067732372476965;
2.5346934342108582;
2.542903165134697;
2.6209957537206914;
2.6268042005275594;
2.6628577091707224;
2.627251254153976;
2.686738097974453;
2.6352568552584903;
2.553001670413817;
2.4399724987910987;
2.544035136393807;
2.4648929775992188;
2.4957043622907475;
2.5532601184601798;
2.633968981815309;
2.5521154371156154;
2.515353135535065;
2.4519987409500437;
2.4459439722765506;
2.509752198059237;
2.4944961161668067;
2.5365338940391533;
2.4991973376050636;
2.4381996795547405;
2.497723586046314;
2.562758137970244;
2.5068028803252584;
2.512892921348923;
2.479721966455647;
2.52412398254319;
2.472422180918592;
2.4989357563436694;
2.513421392259601;
2.4658844836677054;
2.5059557601362843;
2.5556443919914864;
2.48979277002303;
2.487672016703915;
2.4308313121866445;
2.43944933789115;
2.472048006954453;
2.5508185255205946;
2.5860772163809105;
2.633703607129759;
2.572811907679094;
2.4701511291087064;
2.5449829757900444;
2.566154212572395;
2.524145537971749;
2.599005882775509;
2.633554015793678;
2.594580845090928;
2.653115430770504;
2.633560697202599;
2.6331840693423865;
2.6912066549433167;
2.7267331306585127;
2.590020910761262;
2.6572938325738202;
2.675456353444099;
2.678248101672825;
2.705622994516615;
2.6811652548997467;
2.6139972641545333;
2.689637515524582;
2.696126428690901;
2.662893164127582;
2.676981394516914;
2.576246701419428;
2.6961448398057857;
2.62569558047985;
2.6412036809785038;
2.6604349214421052;
2.6570186421997115;
2.6886845065424674;
2.67152003542702;
2.6182901529889113;
2.6879714768629888;
2.657852499365187;
2.6845498874961398;
2.64971367912732;
2.677235321374952;
2.661296453924478;
2.7303335238010678;
2.7215451824775028;
2.7106044111797036;
2.6774781224179396;
2.6481959267719537;
2.613810155791232;
2.6807197926279587;
2.7373863013004343;
2.7548750594468414;
2.7111917917051396;
2.7869729174479483;
2.7380308989401168;
2.7296399998409426;
2.6480855430412404;
2.680496602175135;
2.689731321480871;
2.7561798567618125;
2.7240832204221097;
2.7403315375761337;
2.7153251256826607;
2.721813372909869;
2.707934533672667;
2.7035617126663567;
2.7256545214067334;
2.6952581120408126;
2.6585985040190536;
2.7068124119201906;
2.735357871635588;
2.7990761594738514;
2.763379637831018;
2.7620575719809537;
2.788653623268899;
2.7828936874760912;
2.881611699994375;
2.8089043763344685;
2.8997405259100457;
2.897138681799696;
2.8971997947182575;
2.816029433298354;
2.7959256356159896;
2.8301772338373525;
2.800930820947449;
2.86239082217499;
2.918351973834535;
2.779552141608939;
2.858394142019793;
2.8726302745065904;
2.912601385683891;
2.8965272062484706;
2.8913350988570867;
2.8913309975116674;
2.866531379269926;
2.869836989056668;
2.88470899157683;
2.788241413992267;
2.788050164034728;
2.7295892688987227;
2.813511353313129;
2.8613756066845886;
2.8536333003088448;
2.831904990419996;
2.8164528985686212;
2.798343524088759;
2.827505310339746;
2.932134583513213;
2.9181825451477104;
3.0477562293555582;
3.1176840696345987;
3.101839424710369;
3.0619211438553195;
3.033770014717747;
3.03892031347774;
2.971449405276648;
2.980722105091084;
3.036528092232756;
3.0268944081576694;
3.0038620204724937;
3.056490555580402;
3.0223791610959907;
3.097561166067658;
3.078133215763618;
2.9387070973628777;
2.974785688096393;
2.9827308189530486;
3.025310808064826;
2.9311981936268765;
2.9796019657012174;
2.954090870427297;
3.0630347233455413;
3.156077862957032;
3.104351406869203;
3.1387441566605396;
3.1367973534129074;
3.1630780188742555;
3.1650625370666092;
3.169211914672987;
3.1480053096733585;
3.159483832119926;
3.1197764427605192;
3.1107264122243308;
3.0612678067785155;
3.042548259882288;
3.0451792725203344;
3.024367591327276;
3.045945843242717;
3.0195694993922033;
3.063138444992322;
3.0829078082880907;
3.106116475762609;
3.0943732443307974;
3.0677154140611687;
3.039108132383615;
3.042965125202871;
3.062846383225802;
3.0391530710712953;
3.074150887048982;
2.9932634975246786;
3.0594016079889106;
2.992517091392522;
3.082133266781647;
3.0801712196985855;
3.055159005857643;
3.0583564864550055;
3.0243394564994195;
3.021441990059811;
2.9820665095413927;
3.041453986377354;
3.0367265226000044;
3.036078165112497;
3.0084831505030385;
3.079775082583251;
3.0386220956064154;
2.9886244684334127;
3.001049843212285;
3.0602504639466064;
3.0500826630042672;
3.047033710141598;
3.0007709619192493;
3.011428297053338;
3.019379677717069;
2.9332789598092237;
2.9835668274648612;
3.104457232994581;
3.0826792388626947;
3.108614526827105;
