1.9115590061559944;
1.8949766281293612;
2.0848996533484407;
2.233019603312479;
2.619618101117582;
2.641073748233383;
2.6576007874055603;
2.6807092192669226;
2.7987823951940425;
2.8661043596920375;
2.9539274172547607;
2.861721988628934;
2.7137675268113903;
2.713422032544257;
2.941210587681923;
3.1269117970137166;
3.1923679102718445;
3.3052456156319336;
3.19188139546486;
3.206312808588574;
3.2495263386663735;
3.228851525969859;
3.5270978360147036;
3.350157043205609;
3.2924512963308143;
3.3091335188043116;
3.205001239006871;
3.2761078566800195;
3.452473634080582;
3.426830889645687;
3.5795230207237547;
3.432127256252854;
3.4262853226645564;
3.489395519580032;
3.272839059565723;
3.382067220003071;
3.3950786902427574;
3.590932194307318;
3.6525175701402173;
3.435120223311771;
3.616089889963926;
3.5919950060817976;
3.566793497773037;
3.539795283720567;
3.5375535275000987;
3.5437176148603213;
3.6988718491819204;
3.7850052792426454;
3.8132066841232133;
3.736068669816111;
3.7769691243821013;
3.8005863262865156;
3.6626529831064687;
3.387117420918513;
3.605714623617879;
3.50133741086329;
3.5214164184858303;
3.624211338153037;
3.5692464403635125;
3.592144209387983;
3.643486202286995;
3.5878685305225635;
3.7020581768234755;
3.7422935156004513;
3.70828741844228;
3.682560254536679;
3.600691209282369;
3.494300778820873;
3.613065416629013;
3.6278138249550436;
3.5528123598317305;
3.661018609328429;
3.5643070353670505;
3.5073576937061373;
3.430734327775448;
3.5500693613494287;
3.471311983986274;
3.5476060260353557;
3.6450116483793704;
3.6480282357029594;
3.6829186383522323;
3.6268601448836946;
3.6661514772815433;
3.6668764126286626;
3.562804742920867;
3.7200429245998;
3.686989585705935;
3.759576982793104;
3.8341643148731506;
3.6757568916226577;
3.7777759842661247;
3.766799524997157;
3.620486620278284;
3.6181338218268926;
3.640892214874993;
3.581318712067357;
3.592448997440261;
3.785801774015136;
3.8135006131523506;
3.8233617084389686;
3.755420319501321;
3.858280146779225;
3.870913590258809;
3.80843087356369;
3.785878692146627;
3.7867031345311792;
3.735812352742629;
3.754620324631104;
3.7518337038255165;
3.778772581614052;
3.9141022335600852;
3.940226360521433;
3.972885117886794;
3.856158024070859;
3.7424273008731537;
3.7064723904734675;
3.7503958519175784;
3.8703827866429;
3.7865301496135633;
3.926321623157488;
3.8967878108949536;
3.7808344020232405;
4.030231231748194;
4.098413737322161;
4.160752092800871;
4.0389580434236505;
4.048476207044125;
4.02639145066713;
4.1600061950639065;
4.1964849052739055;
4.244859243116776;
4.243679373166563;
3.9503435728967426;
3.9515839652536426;
4.0502536849420485;
3.918427356414355;
3.999027076905328;
3.9177205161928486;
3.953280328746166;
3.896323485291325;
3.9578553846961677;
3.9738786231011756;
3.9572232132508747;
3.843523734016319;
4.12725228136548;
4.0483700924332355;
3.9749533320371;
4.052687176916346;
4.034632994316608;
4.029481565938705;
4.000878200003258;
4.020770291191048;
3.8780236603873006;
3.84891096324771;
3.798798316548724;
3.709005238497447;
3.6575832393039356;
3.8049241763709274;
3.671539379928749;
3.691277381637891;
3.777393646057524;
3.9317196588670122;
3.798144706065215;
3.4678030677198124;
3.7057925987730154;
3.740699149052792;
3.645624875730032;
3.6454646983473498;
3.748294564995716;
3.5382508054004007;
3.618277021473717;
3.443866187162224;
3.5225386309506836;
3.374696689695948;
3.5171304458981547;
3.48249415256152;
3.5317634071885604;
3.4638930848787375;
3.3081036645093733;
3.4663166972359813;
3.533352853002391;
3.590479587717915;
3.488822769486003;
3.42596615967115;
3.4806587174499484;
3.5473229057779245;
3.652130163277977;
3.6698919726004147;
3.6806709568028033;
3.7288544257504843;
3.585567919204022;
3.7092216475598176;
3.4389166068038572;
3.4119224490069335;
3.55978188667912;
3.529506317579762;
3.4243723046580157;
3.5198323176304385;
3.575257178002543;
3.594320955032924;
3.675360373376743;
3.6098759085858916;
3.535051737207702;
3.5522916720897832;
3.508914015249804;
3.5541751311857785;
3.530827732629934;
3.630432429424182;
3.543075414726144;
3.6381107558268413;
3.6890639112320582;
3.674388064429008;
3.6254363841273047;
3.7066026047651133;
3.692330572094164;
3.637150369217142;
3.6567155289193876;
3.5230386220240697;
3.47242021412334;
3.444417428486706;
3.59353756195893;
3.3664550567536478;
3.4833668612935442;
3.4991146467343204;
3.711722846227956;
3.7297486348791886;
3.6798595392578424;
3.4654164064050534;
3.639742501378138;
3.6052924817573984;
3.616952751999649;
3.681053632468919;
3.5406852648501355;
3.5265232232781836;
3.5809679117646893;
3.8254613811952374;
3.6798727956893824;
3.6554581125330206;
3.7242847720058636;
3.575187958110019;
3.588833799225385;
3.681157295245389;
3.6122717712072157;
3.4882194686810966;
3.6437098055988257;
3.6391723742917175;
3.4983645070266443;
3.553092213105369;
3.5378685921136372;
3.550924094771894;
3.5465767313151497;
3.473417008385708;
3.68650962219206;
3.6543282925941485;
3.649084710426698;
3.5816359884493116;
3.5974341611787657;
3.6458468548641836;
3.649200002705601;
3.6409668081341224;
3.661896118243049;
3.6059242070081265;
3.73891408947719;
3.5564755721509727;
3.6101736305755994;
3.695307177328097;
3.6371718129511663;
3.6550454860199597;
3.6378202168131475;
3.541993853405674;
3.5306490516029783;
3.4810098131963843;
3.542716896321291;
3.6958631291295596;
3.75056628631937;
3.477510672129388;
3.601587506765837;
3.6242249103483655;
3.6644962910868606;
3.7525623669181103;
3.6069390682604907;
3.643211676560613;
3.583298962369699;
3.6210512724144883;
3.7075657803780486;
3.478114631537588;
3.570469929405733;
3.4380541440491856;
3.439383574439174;
3.5781314937573883;
3.5725305010584294;
3.559686185699081;
3.4671806640633083;
3.4450598724191845;
3.4970188874067545;
3.399851628135208;
3.3149257228219025;
3.2743949183839876;
3.4214599506740213;
3.391099910955519;
